-0.09898265829568587 0
1.586402266288955 0.0016891891891892552
2.4764087742133096 0.025337837837838162
2.8703296072276263 0.052364864864865135
3.262743090115615 0.09459459459459474
3.85278692290024 0.14358108108108136
4.243525572314526 0.20270270270270274
4.634766671770924 0.256756756756757
4.927695046321114 0.302364864864865
5.121975729270348 0.3429054054054056
5.415239070515279 0.3851351351351353
5.8073175867085265 0.4307432432432434
6.591642102442391 0.5202702702702704
7.182355868616495 0.5625000000000001
7.770054934537944 0.6351351351351353
8.855514508843127 0.6875000000000002
10.140279266518645 0.7297297297297299
11.722996899165457 0.7668918918918921
12.910453832018993 0.7905405405405408
14.593661473087822 0.8141891891891894
16.773792205803545 0.8260135135135137
19.053575530204434 0.8327702702702705
21.531994104586175 0.8361486486486489
23.316696654161248 0.8361486486486489
28.76928451114005 0.8429054054054057
31.34702071051222 0.8445945945945947
33.430513551795435 0.8310810810810814
34.91927302656766 0.8158783783783785
36.210234668095865 0.7956081081081083
37.105098193093944 0.7702702702702704
38.198094518030786 0.7466216216216218
39.19261063471404 0.7162162162162165
39.78985625143558 0.6925675675675678
40.58657453487483 0.6570945945945947
41.18449008498584 0.6266891891891894
41.88172326008729 0.5945945945945947
42.87858414363373 0.5405405405405408
43.67613984380983 0.4966216216216218
44.57452051910268 0.43581081081081097
45.27292607763572 0.3918918918918921
45.97166660286349 0.34459459459459485
46.96777381134677 0.298141891891892
47.66609562820611 0.25506756756756777
48.661951611668336 0.2111486486486488
49.55798752009801 0.17398648648648662
50.40453209937985 0.1359797297297296
51.6471747951918 0.10304054054054079
52.64135594518031 0.07601351351351382
53.73418478676979 0.05405405405405439
55.32259685322718 0.033783783783783994
56.811356327999405 0.018581081081081363
58.299445869382126 0.01013513513513531
60.28295115228545 0.005067567567567766
62.663057001760976 0
70.00016748334738 0
