5.926773647923674 2.2908178502218375e-44
6.471512580534214 1.0967972077322161e-44
6.862344798243787 6.54963177804999e-45
7.383490116885537 3.911379116556391e-45
8.424148732321221 1.3610273500343613e-45
9.063022098141415 9.189948213739926e-46
9.893905741312535 5.764768150369574e-46
11.120929090722552 3.2781516410029313e-46
12.682940112857931 1.958087010531559e-46
15.110936563545605 1.086681973148746e-46
16.735592775933387 8.297109414661389e-47
19.363103085689417 6.032333415518118e-47
23.06366809365737 4.721594948690032e-47
26.486792532424552 4.229630410637701e-47
29.976036816812762 4.1798450205299143e-47
34.673563898999284 4.18200913165749e-47
40.104902239937594 4.504117217242443e-47
56.866937282811755 5.625341963643677e-47
73.88890392212518 7.198134055479025e-47
140.14322928999695 1.2692339581367275e-46
229.81293407174192 2.0275524209226797e-46
360.75965552239074 3.159864238442619e-46
566.3194266168019 4.924529645869668e-46
1028.2024760476286 8.897862828033489e-46
1761.258018284358 1.5303242627933367e-45
3489.321696730007 3.0514470557338525e-45
5805.62426053422 5.12025983673358e-45
10238.343277328482 9.026125223822145e-45
