5.974290735340048 0.428699116574738
7.266035897616196 0.3781435314724483
8.56812721489949 0.3252831600480965
10.528617897730147 0.2869232011763683
12.937692456717805 0.2661142432166956
17.442580591096615 0.2530869515689716
23.51606507070155 0.2661142432166956
29.803888545915704 0.2869232011763683
37.77297646467455 0.29421502675311195
45.003246841483204 0.29421502675311195
55.30053164094695 0.2728772328845493
67.25746466998982 0.2530869515689716
76.89640567018716 0.24069739477385652
99.48620475878917 0.24069739477385652
151.77773017322698 0.24069739477385652
196.36535947599072 0.2530869515689716
278.73413437716647 0.2728772328845493
399.7511383822057 0.2728772328845493
550.1640014101142 0.2661142432166956
726.6035897616189 0.2661142432166956
999.999999999999 0.2728772328845493
