6.036158378482353 4.207055115549964
7.341280397070123 3.3564915531019306
8.837078743614606 2.8872903757373605
12.03751698020069 2.677891122558267
16.738388610461254 2.546798294783508
22.10645047660974 2.546798294783508
37.3858221055925 2.546798294783508
48.869515267479905 2.483678442783925
71.54612710635622 2.745946668081067
92.56417889712782 2.677891122558267
118.52924098447006 2.546798294783508
177.14224633510835 2.3620930550864925
251.4475609425411 2.3620930550864925
353.26322877331296 2.422122953272179
579.2466551933359 2.422122953272179
1010.3556465332914 2.422122953272179
