5.974290735340048 0.5373351259444481
7.417304101963966 0.47396832475954803
9.114472598521195 0.43959401517530705
11.085179483640356 0.40771268475795974
13.481987340052815 0.40771268475795974
16.566828391461573 0.40771268475795974
20.78133187697545 0.43959401517530705
26.610677298415528 0.4622214932289196
35.144817911492815 0.47396832475954803
44.54198578084583 0.47396832475954803
63.225875903952975 0.4622214932289196
86.12377199103604 0.4507657951850679
147.1584601928056 0.47396832475954803
226.83219636960365 0.4860136886021311
368.1251810522823 0.4860136886021311
533.4200689957748 0.47396832475954803
848.0308141294831 0.47396832475954803
1010.3556465332914 0.4860136886021311
