5.913057204993995 2.745946668081067
6.622608508869416 2.3620930550864925
7.494115081473844 2.1907834681356757
8.393389169835658 1.98153945809094
9.89750493730773 1.8378293255196063
12.608724076806809 1.7260652956918776
15.57376926323548 1.7045416965826807
20.56833348561949 1.7045416965826807
30.73942570415723 1.7922805613065573
45.940148397634914 1.747860677720522
64.54214585514374 1.7922805613065573
103.67163677410282 1.747860677720522
150.22208337628754 1.747860677720522
233.95240647448207 1.747860677720522
335.5266875526677 1.74786067772052
466.5560260205537 1.74786067772052
749.4115081473833 1.74786067772052
1020.8185324817063 1.74786067772052