0.041706730769229594 0
0.5833733974358992 0
1.2500400641025688 0
1.6665865384615426 0.0028846153846153744
1.9164262820512885 0.006730769230769207
2.1244791666666742 0.013461538461538636
2.4156250000000075 0.02596153846153859
2.8313301282051384 0.049038461538461586
3.246714743589754 0.07980769230769247
3.6613782051282193 0.12788461538461549
4.075881410256425 0.17980769230769245
4.90432692307694 0.2971153846153848
5.484455128205148 0.37403846153846165
6.064022435897458 0.46442307692307705
6.644150641025664 0.541346153846154
7.640224358974388 0.6355769230769233
8.138942307692338 0.666346153846154
9.136698717948752 0.7201923076923078
10.135176282051317 0.7567307692307694
11.633493589743635 0.7971153846153848
13.632211538461588 0.8278846153846156
15.214903846153904 0.8432692307692309
16.714583333333394 0.8509615384615387
19.21434294871802 0.8567307692307694
22.54751602564111 0.8605769230769232
25.505689102564197 0.8644230769230772
29.047355769230876 0.8644230769230771
31.8809294871796 0.8586538461538463
34.1317307692309 0.839423076923077
36.04951923076936 0.8125000000000002
37.80112179487193 0.7740384615384617
38.76069711538475 0.7442307692307694
40.0544070512822 0.6951923076923079
41.306971153846305 0.6336538461538463
42.225560897436054 0.5875000000000001
43.18629807692323 0.5298076923076924
44.39791666666682 0.45096153846153864
45.484054487179655 0.38365384615384635
46.235857371795035 0.3403846153846156
47.90641025641043 0.24711538461538474
49.075320512820696 0.19326923076923086
50.41081730769249 0.1413461538461539
51.99615384615403 0.09326923076923088
53.16386217948737 0.06826923076923097
55.24839743589764 0.039423076923077005
57.08253205128227 0.020192307692307843
59.16634615384636 0.008653846153846345
61.16650641025663 0.004807692307692291
63.0834134615387 -0.0009615384615384581
70.16674679487205 -0.0009615384615384581
