5.974290735340048 0.5373351259444481
6.901224802908531 0.5240178115370763
7.890267417445494 0.5509908846930626
9.796060398403084 0.624655153002027
12.805087496773337 0.7353346205472756
15.414145817536452 0.8028458237344283
20.148863711962505 0.8876236861786654
26.610677298415528 1.0190004761054723
33.03814538418884 1.155234897697785
42.74373643209659 1.3599250899620994
57.62705134440802 1.5809206845513275
70.087018240569 1.6622963331254363
84.36736721624844 1.747860677720522
113.74397767230477 1.8378293255196063
161.45581502618364 1.932428981779478
233.95240647448207 1.932428981779478
335.5266875526677 1.932428981779478
522.5415213602953 1.932428981779478
1031.38976837872 1.932428981779478
